4294967279,461
4294967279,460
47,594
4294967278,482
47,593
47,592
47,591
47,590
47,589
47,588
47,587
47,586
47,585
47,584
4294967278,481
47,583
47,582
47,581
47,580
47,579
47,578
47,577
47,576
4294967278,480
47,575
47,574
47,573
47,572
47,571
47,570
47,569
47,568
4294967278,479
47,567
47,566
47,565
47,564
47,563
47,562
47,561
47,560
47,559
47,558
47,557
4294967278,478
47,556
47,555
47,554
47,553
47,552
47,551
47,550
47,549
4294967278,477
47,548
47,547
47,546
47,545
47,544
47,543
47,542
47,541
47,540
47,539
4294967278,476
47,538
47,537
47,536
47,535
47,534
47,533
47,532
47,531
47,530
47,529
47,528
4294967278,475
47,527
47,526
47,525
47,524
4294967278,474
47,523
47,522
47,521
47,520
47,519
47,518
47,517
47,516
47,515
47,514
47,513
47,512
47,511
4294967278,473
47,510
47,509
47,508
47,507
47,506
4294967278,472
47,505
47,504
47,503
47,502
47,501
47,500
47,499
47,498
47,497
4294967278,471
47,496
47,495
47,494
47,493
47,492
47,491
47,490
47,489
4294967278,470
47,488
47,487
47,486
47,485
47,484
47,483
47,482
47,481
47,480
4294967278,469
47,479
47,478
47,477
47,476
47,475
47,474
47,473
47,472
4294967278,468
47,471
47,470
47,469
47,468
47,467
47,466
4294967278,467
47,465
47,464
47,463
47,462
47,461
47,460
47,459
47,458
47,457
4294967278,466
47,456
47,455
47,454
47,453
47,452
47,451
47,450
47,449
4294967278,465
47,448
47,447
47,446
47,445
47,444
47,443
47,442
47,441
47,440
4294967278,464
47,439
47,438
47,437
47,436
47,435
47,434
47,433
47,432
47,431
47,430
4294967278,463
47,429
47,428
47,427
47,426
47,425
47,424
47,423
4294967278,462
47,422
47,421
47,420
47,419
47,418
47,417
47,416
47,415
4294967278,461
47,414
47,413
47,412
47,411
47,410
47,409
47,408
4294967278,460
47,407
47,406
47,405
47,404
47,403
47,402
47,401
47,400
47,399
47,398
4294967278,459
47,397
47,396
47,395
47,394
47,393
47,392
47,391
47,390
47,389
47,388
4294967278,458
47,387
47,386
47,385
47,384
47,383
47,382
47,381
47,380
47,379
47,378
4294967278,457
47,377
47,376
47,375
47,374
47,373
4294967278,456
47,372
47,371
47,370
47,369
47,368
47,367
4294967278,455
47,366
47,365
47,364
47,363
47,362
47,361
47,360
47,359
47,358
4294967278,454
47,357
47,356
47,355
47,354
47,353
47,352
4294967278,453
47,351
47,350
47,349
47,348
47,347
47,346
47,345
47,344
4294967278,452
47,343
47,342
47,341
47,340
47,339
47,338
47,337
47,336
4294967278,451
47,335
47,334
47,333
47,332
47,331
47,330
47,329
47,328
47,327
47,326
4294967278,450
47,325
47,324
47,323
47,322
47,321
4294967278,449
47,320
47,319
47,318
47,317
47,316
47,315
47,314
47,313
47,312
47,311
4294967278,448
47,310
47,309
47,308
47,307
47,306
47,305
47,304
47,303
47,302
47,301
4294967278,430
47,300
47,299
47,298
47,297
47,296
4294967278,429
47,295
47,294
47,293
47,292
47,291
47,290
47,289
47,288
47,287
47,286
47,285
4294967278,428
47,284
47,283
47,282
47,281
47,280
47,279
47,278
47,277
47,276
47,275
47,274
4294967278,427
47,273
47,272
47,271
47,270
47,269
47,268
4294967278,426
47,267
47,266
47,265
47,264
47,263
47,262
47,261
47,260
47,259
4294967278,425
47,258
47,257
47,256
47,255
47,254
47,253
47,252
47,251
4294967278,424
47,250
47,249
47,248
47,247
47,246
4294967278,423
47,245
47,244
47,243
47,242
47,241
47,240
47,239
47,238
47,237
47,236
47,235
4294967278,422
47,234
47,233
47,232
47,231
47,230
47,229
4294967278,421
47,228
47,227
47,226
47,225
47,224
47,223
47,222
47,221
47,220
47,219
47,218
4294967278,420
47,217
47,216
47,215
47,214
47,213
47,212
47,211
47,210
4294967278,419
47,209
47,208
47,207
47,206
47,205
47,204
47,203
47,202
4294967278,418
47,201
47,200
47,199
47,198
47,197
47,196
47,195
4294967278,417
47,194
47,193
47,192
47,191
47,190
47,189
47,188
4294967278,416
47,187
47,186
47,185
47,184
47,183
47,182
47,181
47,180
47,179
47,178
4294967278,415
47,177
47,176
47,175
47,174
47,173
47,172
47,171
4294967278,414
47,170
47,169
47,168
47,167
47,166
47,165
47,164
47,163
47,162
47,161
4294967278,413
47,160
47,159
47,158
47,157
47,156
47,155
4294967278,412
47,154
47,153
47,152
47,151
47,150
47,149
47,148
47,147
47,146
47,145
47,144
47,143
4294967278,411
47,142
